104.64
122.252
125.56
172.224
173.222
173.245
184.24
184.50
184.84
190.210
193.108
193.45
195.12
195.245
195.95
198.144
198.47
199.2
2.16
204.10
204.119
204.183
204.8
204.93
204.94
204.95
205.185
205.247
206.160
207.108
207.109
208.185
208.31
208.33
208.34
208.35
209.170
209.239
209.66
209.95
212.119
213.155
213.198
213.248
213.254
216.151
217.212
23.0
23.192
23.32
23.72
24.155
59.151
60.254
61.19
62.115
63.110
63.116
63.141
63.148
63.150
63.151
63.166
63.168
63.238
63.243
63.80
63.84
63.85
63.97
64.145
64.25
65.116
65.118
65.120
65.121
65.122
65.126
66.171
66.198
69.192
69.22
69.31
70.39
70.96
72.164
72.246
72.37
77.67
8.5
80.12
80.239
80.67
81.20
81.25
81.93
82.112
83.217
88.221
90.84
92.122
94.127
96.16
96.6
