103.21
103.246
103.4
103.8
107.20
111.87
12.163
12.20
122.248
124.211
13.112
13.124
13.228
13.52
13.54
138.94
173.203
173.244
174.129
175.41
176.32
176.34
177.53
177.71
178.236
180.87
184.169
184.72
185.48
199.127
199.255
200.170
200.241
200.242
202.214
203.83
204.236
204.246
205.251
207.171
208.202
208.253
216.137
216.182
23.20
27.0
34.192
35.154
35.156
35.160
43.224
43.249
43.250
46.137
46.51
49.143
50.112
50.16
52.0
52.119
52.124
52.129
52.144
52.16
52.192
52.196
52.220
52.28
52.32
52.48
52.58
52.62
52.64
52.67
52.76
52.79
52.80
52.84
52.86
52.95
54.144
54.160
54.176
54.183
54.192
54.193
54.194
54.196
54.198
54.199
54.200
54.204
54.206
54.207
54.208
54.212
54.215
54.216
54.222
54.224
54.232
54.240
54.241
54.64
54.72
63.86
67.202
72.21
72.44
75.101
79.125
8.18
86.188
87.238
96.127