104.132
104.154
104.196
107.167
107.178
107.188
108.170
108.177
108.59
113.21
12.216
130.211
136.32
142.250
146.148
149.3
162.216
162.222
172.102
172.217
172.253
173.192
173.194
173.227
173.255
179.124
192.104
192.119
192.158
192.178
192.200
193.120
193.142
193.186
193.51
193.92
195.22
199.192
199.223
200.16
200.202
206.169
207.223
209.107
209.85
212.113
212.188
212.6
213.144
213.152
213.155
213.200
216.21
216.239
216.252
216.58
217.163
217.30
23.228
23.236
23.251
23.255
38.107
38.98
41.206
4.3
45.56
62.116
62.231
62.78
64.233
64.68
64.9
66.102
66.249
70.32
72.14
74.125
74.94
77.67
80.149
80.227
80.228
80.239
8.34
8.35
8.6
86.127
8.8
88.204
89.175
89.207
90.84
92.241
95.80
99.198
